-0.085
-0.077
-0.075
-0.055
-0.026
-0.001
0.01
0.017
0.019
-0.086
-0.076
-0.071
-0.057
-0.025
0.003
0.012
0.025
0.031
-0.072
-0.065
-0.058
-0.042
-0.018
0.009
0.019
0.027
0.033
-0.064
-0.061
-0.058
-0.038
-0.02
0.004
0.016
0.021
0.029
-0.062
-0.053
-0.056
-0.04
-0.012
0.007
0.02
0.029
0.037
-0.063
-0.053
-0.051
-0.034
-0.001
0.01
0.024
0.036
0.041
-0.063
-0.052
-0.047
-0.031
-0.003
0.008
0.027
0.036
0.044
-0.054
-0.043
-0.032
-0.02
0.01
0.023
0.039
0.054
0.061
-0.05
-0.041
-0.03
-0.021
0.008
0.031
0.037
0.048
0.059
-0.025
-0.033
-0.034
-0.031
-0.006
0.013
0.017
0.025
0.035
-0.026
-0.03
-0.031
-0.03
-0.007
0.01
0.018
0.024
0.034
-0.013
-0.013
-0.018
-0.017
0.004
0.026
0.036
0.04
0.048
-0.014
-0.014
-0.018
-0.019
0.002
0.027
0.034
0.04
0.045
-0.014
-0.008
-0.012
-0.017
0.003
0.026
0.033
0.04
0.046
-0.008
-0.006
-0.011
-0.011
0.007
0.028
0.032
0.043
0.055
-0.004
-0.006
-0.011
-0.006
0.009
0.032
0.038
0.047
0.059
0.004
-0.002
0.0
-0.0
0.018
0.045
0.049
0.059
0.069
-0.003
-0.006
-0.003
-0.005
0.019
0.042
0.047
0.055
0.062
-0.08
-0.064
-0.071
-0.051
-0.023
-0.009
0.002
0.014
0.018
-0.065
-0.054
-0.058
-0.041
-0.012
0.01
0.014
0.03
0.035
-0.052
-0.046
-0.05
-0.038
-0.008
0.022
0.031
0.045
0.048
-0.06
-0.047
-0.047
-0.034
-0.011
0.019
0.028
0.04
0.04
-0.069
-0.056
-0.051
-0.036
-0.012
0.01
0.016
0.032
0.029
-0.069
-0.054
-0.056
-0.039
-0.011
0.009
0.018
0.03
0.037
-0.062
-0.043
-0.045
-0.032
-0.004
0.02
0.034
0.044
0.053
-0.046
-0.033
-0.028
-0.012
0.013
0.038
0.053
0.061
0.064
-0.052
-0.043
-0.03
-0.016
0.007
0.029
0.045
0.049
0.053
-0.003
-0.006
-0.012
-0.036
-0.047
-0.029
-0.003
-0.019
-0.036
0.003
-0.005
-0.012
-0.033
-0.048
-0.021
-0.004
-0.01
-0.031
0.003
-0.011
-0.012
-0.018
-0.033
-0.011
0.009
-0.012
-0.032
-0.013
-0.025
-0.033
-0.042
-0.051
-0.031
-0.004
-0.025
-0.049
-0.011
-0.009
-0.025
-0.046
-0.052
-0.032
-0.009
-0.016
-0.043
0.001
0.017
-0.007
-0.02
-0.026
-0.01
0.016
0.002
-0.023
0.011
0.014
0.002
-0.011
-0.018
-0.004
0.024
0.009
-0.007
0.029
0.02
0.019
0.003
-0.003
0.012
0.037
0.028
0.012
0.036
0.025
0.033
0.01
0.002
0.021
0.049
0.035
0.018
0.071
0.06
0.039
0.024
0.002
0.022
0.034
0.01
-0.015
0.076
0.067
0.052
0.038
0.015
0.031
0.038
0.019
-0.004
0.079
0.075
0.061
0.044
0.027
0.041
0.053
0.027
0.004
0.066
0.059
0.045
0.029
0.014
0.024
0.043
0.016
-0.004
0.075
0.067
0.052
0.03
0.019
0.033
0.052
0.026
0.01
0.097
0.09
0.07
0.048
0.035
0.052
0.071
0.046
0.024
0.115
0.106
0.092
0.071
0.051
0.073
0.094
0.071
0.042
0.131
0.123
0.114
0.091
0.076
0.099
0.116
0.092
0.068
0.115
0.112
0.1
0.076
0.064
0.078
0.093
0.076
0.054
-0.08
-0.076
-0.089
-0.108
-0.12
-0.113
-0.087
-0.107
-0.133
-0.083
-0.078
-0.088
-0.105
-0.12
-0.106
-0.078
-0.099
-0.127
-0.077
-0.075
-0.087
-0.105
-0.113
-0.095
-0.069
-0.088
-0.115
-0.08
-0.082
-0.091
-0.11
-0.114
-0.098
-0.076
-0.097
-0.114
-0.068
-0.073
-0.077
-0.098
-0.117
-0.089
-0.064
-0.087
-0.108
-0.059
-0.054
-0.073
-0.094
-0.105
-0.085
-0.053
-0.071
-0.095
-0.066
-0.054
-0.07
-0.097
-0.096
-0.072
-0.034
-0.062
-0.083
-0.028
-0.024
-0.034
-0.052
-0.057
-0.029
0.008
-0.017
-0.044
-0.022
-0.029
-0.033
-0.047
-0.051
-0.036
-0.003
-0.018
-0.049
-0.074
-0.071
-0.103
-0.095
-0.077
-0.059
-0.022
-0.021
-0.021
-0.056
-0.054
-0.084
-0.085
-0.066
-0.043
0.009
0.0
0.001
-0.014
-0.03
-0.052
-0.051
-0.037
-0.024
0.025
0.009
0.035
-0.044
-0.056
-0.064
-0.057
-0.059
-0.039
-0.006
-0.014
0.025
-0.038
-0.045
-0.054
-0.049
-0.056
-0.032
-0.012
-0.007
0.016
0.025
0.013
-0.011
-0.003
-0.003
0.011
0.042
0.033
0.05
0.046
0.036
0.023
0.022
0.03
0.052
0.082
0.068
0.083
0.076
0.06
0.058
0.055
0.067
0.085
0.111
0.108
0.125
0.068
0.047
0.043
0.022
0.03
0.062
0.094
0.092
0.113
-0.079
-0.107
-0.129
-0.15
-0.159
-0.133
-0.115
-0.141
-0.119
-0.069
-0.097
-0.11
-0.135
-0.151
-0.134
-0.114
-0.131
-0.107
-0.046
-0.062
-0.079
-0.1
-0.122
-0.106
-0.084
-0.091
-0.076
-0.046
-0.061
-0.089
-0.101
-0.116
-0.098
-0.082
-0.099
-0.085
-0.032
-0.054
-0.078
-0.104
-0.113
-0.085
-0.074
-0.102
-0.078
0.003
-0.023
-0.045
-0.086
-0.084
-0.053
-0.035
-0.063
-0.045
0.018
0.0
-0.025
-0.056
-0.047
-0.022
-0.009
-0.033
-0.012
0.054
0.036
0.017
-0.012
-0.015
0.019
0.033
0.009
0.045
0.05
0.019
0.001
-0.026
-0.042
-0.002
0.022
0.003
0.034
-0.06
-0.064
-0.096
-0.098
-0.073
-0.053
-0.047
-0.058
-0.047
-0.029
-0.04
-0.072
-0.076
-0.059
-0.015
-0.006
-0.025
-0.021
-0.0
-0.003
-0.031
-0.03
-0.014
0.016
0.022
0.013
0.023
-0.022
-0.031
-0.043
-0.041
-0.031
-0.018
0.006
0.002
0.013
-0.022
-0.03
-0.046
-0.044
-0.047
-0.032
0.012
0.02
0.012
0.02
0.007
-0.009
-0.014
-0.014
0.009
0.04
0.053
0.063
0.04
0.039
0.033
0.016
0.009
0.05
0.074
0.066
0.098
0.075
0.06
0.062
0.051
0.055
0.095
0.119
0.108
0.136
0.056
0.043
0.045
0.025
0.042
0.06
0.095
0.09
0.108
-0.208
-0.233
-0.263
-0.275
-0.307
-0.248
-0.201
-0.227
-0.204
-0.172
-0.207
-0.21
-0.228
-0.242
-0.186
-0.19
-0.174
-0.163
-0.103
-0.147
-0.186
-0.197
-0.177
-0.145
-0.133
-0.128
-0.104
-0.124
-0.159
-0.208
-0.223
-0.2
-0.175
-0.133
-0.138
-0.116
-0.089
-0.131
-0.174
-0.197
-0.181
-0.149
-0.128
-0.113
-0.096
-0.0
-0.043
-0.075
-0.105
-0.095
-0.04
-0.054
-0.018
-0.003
0.03
0.026
-0.012
-0.038
-0.038
0.026
0.033
0.062
0.063
0.102
0.104
0.077
0.073
0.053
0.095
0.116
0.116
0.143
0.065
0.058
0.025
0.0
-0.002
0.032
0.06
0.048
0.109
-0.051
-0.075
-0.102
-0.126
-0.166
-0.109
-0.095
-0.094
-0.086
-0.027
-0.069
-0.09
-0.101
-0.122
-0.087
-0.067
-0.085
-0.061
0.04
-0.008
-0.045
-0.053
-0.053
-0.022
-0.009
-0.023
-0.01
0.044
0.0
-0.059
-0.069
-0.082
-0.046
-0.029
-0.026
-0.024
0.072
0.017
-0.029
-0.051
-0.075
-0.018
0.008
-0.003
-0.001
0.14
0.085
0.065
0.011
-0.006
0.072
0.106
0.081
0.079
0.179
0.14
0.116
0.062
0.045
0.116
0.139
0.121
0.128
0.258
0.22
0.194
0.161
0.14
0.195
0.208
0.204
0.216
0.237
0.192
0.157
0.129
0.114
0.154
0.186
0.173
0.199
-0.233
-0.288
-0.311
-0.333
-0.316
-0.288
-0.24
-0.252
-0.246
-0.196
-0.251
-0.262
-0.277
-0.272
-0.257
-0.226
-0.221
-0.215
-0.159
-0.185
-0.198
-0.201
-0.22
-0.218
-0.174
-0.157
-0.147
-0.19
-0.206
-0.229
-0.235
-0.242
-0.241
-0.191
-0.172
-0.161
-0.184
-0.191
-0.211
-0.249
-0.25
-0.221
-0.182
-0.149
-0.154
-0.082
-0.111
-0.103
-0.146
-0.174
-0.115
-0.064
-0.05
-0.04
0.004
-0.026
-0.042
-0.062
-0.102
-0.055
-0.007
0.004
0.027
0.062
0.033
0.012
-0.002
-0.027
0.005
0.025
0.066
0.109
0.013
-0.011
-0.034
-0.077
-0.088
-0.044
-0.018
-0.002
0.051
-0.479
-0.518
-0.522
-0.629
-0.676
-0.578
-0.486
-0.485
-0.5
-0.393
-0.421
-0.433
-0.491
-0.559
-0.48
-0.417
-0.419
-0.409
-0.298
-0.297
-0.345
-0.398
-0.434
-0.352
-0.303
-0.359
-0.284
-0.31
-0.337
-0.394
-0.446
-0.457
-0.398
-0.32
-0.367
-0.339
-0.243
-0.302
-0.349
-0.41
-0.411
-0.347
-0.31
-0.334
-0.33
-0.057
-0.121
-0.162
-0.272
-0.253
-0.132
-0.146
-0.159
-0.151
0.02
0.018
-0.071
-0.167
-0.143
-0.03
-0.031
-0.057
-0.032
0.141
0.175
0.088
0.032
0.013
0.086
0.091
0.11
0.135
0.097
0.024
-0.028
-0.088
-0.104
-0.048
0.002
0.005
0.016
-0.393
-0.505
-0.502
-0.542
-0.567
-0.5
-0.503
-0.482
-0.471
-0.34
-0.39
-0.407
-0.467
-0.48
-0.409
-0.419
-0.446
-0.435
-0.227
-0.264
-0.283
-0.365
-0.378
-0.299
-0.27
-0.329
-0.321
-0.241
-0.331
-0.327
-0.406
-0.407
-0.325
-0.306
-0.368
-0.341
-0.198
-0.299
-0.312
-0.387
-0.371
-0.282
-0.284
-0.338
-0.317
-0.045
-0.106
-0.159
-0.237
-0.238
-0.135
-0.131
-0.176
-0.18
0.066
0.028
-0.062
-0.157
-0.18
-0.089
-0.038
-0.078
-0.083
0.202
0.181
0.106
0.044
-0.018
0.069
0.132
0.097
0.103
0.109
0.093
0.032
-0.006
-0.083
-0.028
0.024
-0.002
0.017
-0.532
-0.561
-0.633
-0.695
-0.686
-0.632
-0.591
-0.565
-0.563
-0.448
-0.501
-0.578
-0.615
-0.617
-0.549
-0.509
-0.507
-0.548
-0.332
-0.392
-0.42
-0.478
-0.446
-0.397
-0.376
-0.411
-0.413
-0.37
-0.398
-0.411
-0.481
-0.434
-0.444
-0.431
-0.45
-0.377
-0.35
-0.369
-0.378
-0.449
-0.484
-0.478
-0.427
-0.412
-0.356
-0.148
-0.231
-0.264
-0.293
-0.335
-0.28
-0.219
-0.226
-0.239
-0.032
-0.139
-0.204
-0.228
-0.246
-0.197
-0.118
-0.115
-0.139
0.105
0.051
-0.025
-0.046
-0.054
-0.041
0.032
0.048
0.035
-0.029
-0.049
-0.099
-0.142
-0.157
-0.086
-0.015
-0.067
-0.072
